#first
400 300 -10 500 300 -10
500 300 -10 500 400 -10
500 400 -10 400 400 -10
400 400 -10 400 300 -10
400 300 -10 400 300 -110
500 300 -10 500 300 -110
500 400 -10 500 400 -110
400 400 -10 400 400 -110
400 300 -110 500 300 -110
500 300 -110 500 400 -110
500 400 -110 400 400 -110
400 400 -110 400 300 -110
#second
550 300 -10 650 300 -10
650 300 -10 650 400 -10
650 400 -10 550 400 -10
550 400 -10 550 300 -10
550 300 -10 550 300 -110
650 300 -10 650 300 -110
650 400 -10 650 400 -110
550 400 -10 550 400 -110
550 300 -110 650 300 -110
650 300 -110 650 400 -110
650 400 -110 550 400 -110
550 400 -110 550 300 -110
#first
400 300 -160 500 300 -160
500 300 -160 500 400 -160
500 400 -160 400 400 -160
400 400 -160 400 300 -160
400 300 -160 400 300 -260
500 300 -160 500 300 -260
500 400 -160 500 400 -260
400 400 -160 400 400 -260
400 300 -260 500 300 -260
500 300 -260 500 400 -260
500 400 -260 400 400 -260
400 400 -260 400 300 -260
#second
550 300 -160 650 300 -160
650 300 -160 650 400 -160
650 400 -160 550 400 -160
550 400 -160 550 300 -160
550 300 -160 550 300 -260
650 300 -160 650 300 -260
650 400 -160 650 400 -260
550 400 -160 550 400 -260
550 300 -260 650 300 -260
650 300 -260 650 400 -260
650 400 -260 550 400 -260
550 400 -260 550 300 -260